net 
{ 
}
node V931_t 
{
  states = ( "1" "2" "3" "4" "5" "6" "7" "8" "9" "10" );
}
node V933_t 
{
  states = ( "1" "2" "3" "4" "5" "6" "7" "8" "9" "10" );
}
node V934_t 
{
  states = ( "1" "2" "3" "4" "5" "6" "7" "8" "9" "10" );
}
node V953_t 
{
  states = ( "1" "2" "3" "4" "5" "6" "7" "8" "9" "10" );
}
node V967_t 
{
  states = ( "1" "2" "3" "4" "5" "6" "7" "8" "9" "10" );
}
node V981_t 
{
  states = ( "1" "2" "3" "4" "5" "6" "7" "8" "9" "10" );
}
node V983_t 
{
  states = ( "1" "2" "3" "4" "5" "6" "7" "8" "9" "10" );
}
node V985_t 
{
  states = ( "1" "2" "3" "4" "5" "6" "7" "8" "9" "10" );
}
node V987_t 
{
  states = ( "1" "2" "3" "4" "5" "6" "7" "8" "9" "10" );
}
node V931_tpast 
{
  states = ( "1" "2" "3" "4" "5" "6" "7" "8" "9" "10" );
}
node V933_tpast 
{
  states = ( "1" "2" "3" "4" "5" "6" "7" "8" "9" "10" );
}
node V934_tpast 
{
  states = ( "1" "2" "3" "4" "5" "6" "7" "8" "9" "10" );
}
node V953_tpast 
{
  states = ( "1" "2" "3" "4" "5" "6" "7" "8" "9" "10" );
}
node V967_tpast 
{
  states = ( "1" "2" "3" "4" "5" "6" "7" "8" "9" "10" );
}
node V981_tpast 
{
  states = ( "1" "2" "3" "4" "5" "6" "7" "8" "9" "10" );
}
node V983_tpast 
{
  states = ( "1" "2" "3" "4" "5" "6" "7" "8" "9" "10" );
}
node V985_tpast 
{
  states = ( "1" "2" "3" "4" "5" "6" "7" "8" "9" "10" );
}
node V987_tpast 
{
  states = ( "1" "2" "3" "4" "5" "6" "7" "8" "9" "10" );
}
potential ( V931_t | V933_t V931_tpast ) 
{
  data = (((9.999148e-01 7.892413e-05 7.814270e-07 7.814270e-07 7.814270e-07 7.814270e-07 7.814270e-07 7.814270e-07 7.814270e-07 7.814270e-07)(9.976614e-01 2.166917e-03 2.145462e-05 2.145462e-05 2.145462e-05 2.145462e-05 2.145462e-05 2.145462e-05 2.145462e-05 2.145462e-05)(0.9989898990 0.0001122334 0.0001122334 0.0001122334 0.0001122334 0.0001122334 0.0001122334 0.0001122334 0.0001122334 0.0001122334)(0.9770581778 0.0220636663 0.0001097695 0.0001097695 0.0001097695 0.0001097695 0.0001097695 0.0001097695 0.0001097695 0.0001097695)(0.9678955453 0.0308755760 0.0001536098 0.0001536098 0.0001536098 0.0001536098 0.0001536098 0.0001536098 0.0001536098 0.0001536098)(0.9387096774 0.0589442815 0.0002932551 0.0002932551 0.0002932551 0.0002932551 0.0002932551 0.0002932551 0.0002932551 0.0002932551)(0.9947368421 0.0005847953 0.0005847953 0.0005847953 0.0005847953 0.0005847953 0.0005847953 0.0005847953 0.0005847953 0.0005847953)(0.9547717842 0.0419087137 0.0004149378 0.0004149378 0.0004149378 0.0004149378 0.0004149378 0.0004149378 0.0004149378 0.0004149378)(0.987323944 0.001408451 0.001408451 0.001408451 0.001408451 0.001408451 0.001408451 0.001408451 0.001408451 0.001408451)(0.957142857 0.004761905 0.004761905 0.004761905 0.004761905 0.004761905 0.004761905 0.004761905 0.004761905 0.004761905))((8.662587e-01 1.337326e-01 1.089906e-06 1.089906e-06 1.089906e-06 1.089906e-06 1.089906e-06 1.089906e-06 1.089906e-06 1.089906e-06)(5.126894e-02 9.487032e-01 2.607320e-05 2.581505e-07 2.581505e-07 2.581505e-07 2.581505e-07 2.581505e-07 2.581505e-07 2.581505e-07)(1.980348e-01 7.311272e-01 7.078533e-02 7.529553e-06 7.529553e-06 7.529553e-06 7.529553e-06 7.529553e-06 7.529553e-06 7.529553e-06)(1.476628e-01 8.469207e-01 5.363017e-03 7.650524e-06 7.650524e-06 7.650524e-06 7.650524e-06 7.650524e-06 7.650524e-06 7.650524e-06)(9.955755e-02 9.003835e-01 7.374087e-06 7.374087e-06 7.374087e-06 7.374087e-06 7.374087e-06 7.374087e-06 7.374087e-06 7.374087e-06)(2.165044e-02 9.782259e-01 1.545356e-05 1.545356e-05 1.545356e-05 1.545356e-05 1.545356e-05 1.545356e-05 1.545356e-05 1.545356e-05)(3.211553e-02 9.676870e-01 2.468526e-05 2.468526e-05 2.468526e-05 2.468526e-05 2.468526e-05 2.468526e-05 2.468526e-05 2.468526e-05)(9.266692e-02 9.070243e-01 3.859514e-05 3.859514e-05 3.859514e-05 3.859514e-05 3.859514e-05 3.859514e-05 3.859514e-05 3.859514e-05)(2.661362e-02 9.726790e-01 8.841733e-05 8.841733e-05 8.841733e-05 8.841733e-05 8.841733e-05 8.841733e-05 8.841733e-05 8.841733e-05)(1.377533e-02 9.859498e-01 3.435246e-05 3.435246e-05 3.435246e-05 3.435246e-05 3.435246e-05 3.435246e-05 3.435246e-05 3.435246e-05))((2.084876e-01 5.743672e-01 2.148692e-01 2.148479e-03 2.127207e-05 2.127207e-05 2.127207e-05 2.127207e-05 2.127207e-05 2.127207e-05)(8.897349e-04 9.486123e-01 4.869638e-02 1.775043e-03 4.426542e-06 4.426542e-06 4.426542e-06 4.426542e-06 4.426542e-06 4.426542e-06)(1.775462e-03 3.559845e-01 6.412949e-01 8.921473e-04 8.833142e-06 8.833142e-06 8.833142e-06 8.833142e-06 8.833142e-06 8.833142e-06)(1.723255e-03 5.767105e-01 4.095035e-01 1.196042e-02 1.706193e-05 1.706193e-05 1.706193e-05 1.706193e-05 1.706193e-05 1.706193e-05)(2.743820e-03 7.389568e-01 2.581092e-01 2.716653e-05 2.716653e-05 2.716653e-05 2.716653e-05 2.716653e-05 2.716653e-05 2.716653e-05)(5.402485e-05 7.564019e-01 2.431659e-01 5.402485e-05 5.402485e-05 5.402485e-05 5.402485e-05 5.402485e-05 5.402485e-05 5.402485e-05)(6.574622e-05 8.218935e-01 1.775805e-01 6.574622e-05 6.574622e-05 6.574622e-05 6.574622e-05 6.574622e-05 6.574622e-05 6.574622e-05)(0.0001264223 0.8724399494 0.1265486726 0.0001264223 0.0001264223 0.0001264223 0.0001264223 0.0001264223 0.0001264223 0.0001264223)(0.0002169197 0.7594360087 0.2388286334 0.0002169197 0.0002169197 0.0002169197 0.0002169197 0.0002169197 0.0002169197 0.0002169197)(6.662225e-05 5.996669e-01 3.864757e-01 1.339107e-02 6.662225e-05 6.662225e-05 6.662225e-05 6.662225e-05 6.662225e-05 6.662225e-05))((2.405672e-02 6.416967e-01 1.370103e-01 1.946888e-01 2.427301e-03 2.403268e-05 2.403268e-05 2.403268e-05 2.403268e-05 2.403268e-05)(7.763372e-06 7.973061e-01 1.094713e-01 8.618120e-02 6.994799e-03 7.763372e-06 7.763372e-06 7.763372e-06 7.763372e-06 7.763372e-06)(9.362419e-06 1.685329e-01 6.628686e-01 1.685329e-01 9.362419e-06 9.362419e-06 9.362419e-06 9.362419e-06 9.362419e-06 9.362419e-06)(2.202158e-05 1.409601e-01 5.659767e-01 2.929091e-01 2.202158e-05 2.202158e-05 2.202158e-05 2.202158e-05 2.202158e-05 2.202158e-05)(7.137759e-05 3.498216e-01 3.640971e-01 2.855817e-01 7.137759e-05 7.137759e-05 7.137759e-05 7.137759e-05 7.137759e-05 7.137759e-05)(0.0002849003 0.0572649573 0.6555555556 0.2851851852 0.0002849003 0.0002849003 0.0002849003 0.0002849003 0.0002849003 0.0002849003)(0.0003115265 0.3741433022 0.3741433022 0.2495327103 0.0003115265 0.0003115265 0.0003115265 0.0003115265 0.0003115265 0.0003115265)(0.0003984064 0.2394422311 0.5581673307 0.1996015936 0.0003984064 0.0003984064 0.0003984064 0.0003984064 0.0003984064 0.0003984064)(0.0004739336 0.0952606635 0.6165876777 0.2848341232 0.0004739336 0.0004739336 0.0004739336 0.0004739336 0.0004739336 0.0004739336)(9.165903e-05 3.675527e-02 4.767186e-01 4.858845e-01 9.165903e-05 9.165903e-05 9.165903e-05 9.165903e-05 9.165903e-05 9.165903e-05))((2.145462e-05 9.871272e-02 4.741686e-01 3.261317e-01 9.871272e-02 2.166917e-03 2.145462e-05 2.145462e-05 2.145462e-05 2.145462e-05)(9.123255e-06 1.879482e-01 4.570842e-01 2.262659e-01 1.277347e-01 9.214488e-04 9.123255e-06 9.123255e-06 9.123255e-06 9.123255e-06)(2.256827e-05 3.161814e-02 4.378470e-01 2.640713e-01 2.595577e-01 6.793049e-03 2.256827e-05 2.256827e-05 2.256827e-05 2.256827e-05)(4.692633e-05 7.982168e-02 5.209291e-01 3.191459e-01 7.982168e-02 4.692633e-05 4.692633e-05 4.692633e-05 4.692633e-05 4.692633e-05)(0.0001349528 0.1755735493 0.2430499325 0.4454790823 0.1350877193 0.0001349528 0.0001349528 0.0001349528 0.0001349528 0.0001349528)(0.0004149378 0.0004149378 0.2908713693 0.6643153527 0.0419087137 0.0004149378 0.0004149378 0.0004149378 0.0004149378 0.0004149378)(0.0004975124 0.0004975124 0.2492537313 0.7467661692 0.0004975124 0.0004975124 0.0004975124 0.0004975124 0.0004975124 0.0004975124)(0.001098901 0.001098901 0.220879121 0.770329670 0.001098901 0.001098901 0.001098901 0.001098901 0.001098901 0.001098901)(0.001639344 0.001639344 0.165573770 0.821311475 0.001639344 0.001639344 0.001639344 0.001639344 0.001639344 0.001639344)(0.0000999001 0.0100899101 0.5095904096 0.4796203796 0.0000999001 0.0000999001 0.0000999001 0.0000999001 0.0000999001 0.0000999001))((3.332223e-05 4.335222e-02 3.099300e-01 3.832389e-01 2.166278e-01 4.668444e-02 3.332223e-05 3.332223e-05 3.332223e-05 3.332223e-05)(0.0000102976 0.0535578210 0.2996704768 0.3037895170 0.2986407167 0.0432602204 0.0010400577 0.0000102976 0.0000102976 0.0000102976)(6.285355e-05 6.348209e-03 1.131992e-01 1.823382e-01 4.840352e-01 2.137649e-01 6.285355e-05 6.285355e-05 6.285355e-05 6.285355e-05)(0.0001009082 0.0202825429 0.2927346115 0.2019172553 0.3734611504 0.1010090817 0.0101917255 0.0001009082 0.0001009082 0.0001009082)(0.0003558719 0.0003558719 0.4985765125 0.1071174377 0.2494661922 0.1427046263 0.0003558719 0.0003558719 0.0003558719 0.0003558719)(0.001098901 0.001098901 0.110989011 0.550549451 0.330769231 0.001098901 0.001098901 0.001098901 0.001098901 0.001098901)(0.001234568 0.001234568 0.248148148 0.618518519 0.124691358 0.001234568 0.001234568 0.001234568 0.001234568 0.001234568)(0.004761905 0.004761905 0.480952381 0.480952381 0.004761905 0.004761905 0.004761905 0.004761905 0.004761905 0.004761905)(0.1 0.1 0.1 0.1 0.1 0.1 0.1 0.1 0.1 0.1)(0.0001996008 0.0001996008 0.3195608782 0.6588822355 0.0201596806 0.0001996008 0.0001996008 0.0001996008 0.0001996008 0.0001996008))((5.260389e-05 5.260389e-05 1.473435e-01 4.840084e-01 2.893740e-01 5.791689e-02 2.109416e-02 5.260389e-05 5.260389e-05 5.260389e-05)(1.308729e-05 3.534878e-02 1.531344e-01 3.311216e-01 3.703835e-01 9.947651e-02 1.048292e-02 1.308729e-05 1.308729e-05 1.308729e-05)(9.699321e-05 9.699321e-05 7.769156e-02 8.739088e-02 2.813773e-01 4.753637e-01 7.769156e-02 9.699321e-05 9.699321e-05 9.699321e-05)(0.0001636661 0.0328968903 0.1801963993 0.1147299509 0.1801963993 0.4584288052 0.0328968903 0.0001636661 0.0001636661 0.0001636661)(0.0003690037 0.0003690037 0.4062730627 0.1479704797 0.1479704797 0.2955719557 0.0003690037 0.0003690037 0.0003690037 0.0003690037)(0.001960784 0.001960784 0.001960784 0.198039216 0.590196078 0.198039216 0.001960784 0.001960784 0.001960784 0.001960784)(0.001639344 0.001639344 0.001639344 0.821311475 0.165573770 0.001639344 0.001639344 0.001639344 0.001639344 0.001639344)(0.009090909 0.009090909 0.009090909 0.918181818 0.009090909 0.009090909 0.009090909 0.009090909 0.009090909 0.009090909)(0.009090909 0.009090909 0.009090909 0.009090909 0.009090909 0.918181818 0.009090909 0.009090909 0.009090909 0.009090909)(0.0009009009 0.0009009009 0.0909909910 0.8117117117 0.0909909910 0.0009009009 0.0009009009 0.0009009009 0.0009009009 0.0009009009))((5.844535e-05 5.844535e-05 2.046172e-01 3.624196e-01 2.630625e-01 8.188194e-02 6.434833e-02 2.343659e-02 5.844535e-05 5.844535e-05)(1.706193e-05 3.072854e-02 9.044532e-02 2.644771e-01 3.497867e-01 1.757550e-01 7.167719e-02 1.537280e-02 1.706193e-05 1.723255e-03)(0.0001062699 0.0001062699 0.0532412327 0.0744952179 0.1913921360 0.2551540914 0.4039319872 0.0213602550 0.0001062699 0.0001062699)(0.0002375297 0.0002375297 0.1665083135 0.2852731591 0.0952494062 0.1427553444 0.3090261283 0.0002375297 0.0002375297 0.0002375297)(0.000990099 0.000990099 0.595049505 0.100000000 0.100000000 0.100000000 0.100000000 0.000990099 0.000990099 0.000990099)(0.001960784 0.001960784 0.001960784 0.001960784 0.198039216 0.590196078 0.198039216 0.001960784 0.001960784 0.001960784)(0.009090909 0.009090909 0.009090909 0.009090909 0.918181818 0.009090909 0.009090909 0.009090909 0.009090909 0.009090909)(0.1 0.1 0.1 0.1 0.1 0.1 0.1 0.1 0.1 0.1)(0.009090909 0.009090909 0.009090909 0.009090909 0.009090909 0.009090909 0.009090909 0.918181818 0.009090909 0.009090909)(0.001960784 0.001960784 0.198039216 0.394117647 0.198039216 0.001960784 0.198039216 0.001960784 0.001960784 0.001960784))((9.699321e-05 9.699321e-05 1.552861e-01 2.813773e-01 2.522793e-01 1.261882e-01 1.552861e-01 2.919496e-02 9.699321e-05 9.699321e-05)(2.136296e-05 1.711173e-02 5.983764e-02 2.969665e-01 2.243324e-01 2.115146e-01 1.346080e-01 5.556505e-02 2.136296e-05 2.136296e-05)(0.0001218027 0.0001218027 0.0610231425 0.0732034105 0.1097442144 0.2071863581 0.3289890378 0.1828258222 0.0244823386 0.0123020706)(0.0002932551 0.0002932551 0.0296187683 0.2642228739 0.1175953079 0.0296187683 0.3815249267 0.1469208211 0.0296187683 0.0002932551)(0.000621118 0.000621118 0.186956522 0.124844720 0.000621118 0.249068323 0.124844720 0.249068323 0.062732919 0.000621118)(0.003225806 0.003225806 0.003225806 0.003225806 0.325806452 0.648387097 0.003225806 0.003225806 0.003225806 0.003225806)(0.004761905 0.004761905 0.004761905 0.004761905 0.957142857 0.004761905 0.004761905 0.004761905 0.004761905 0.004761905)(0.009090909 0.009090909 0.009090909 0.009090909 0.918181818 0.009090909 0.009090909 0.009090909 0.009090909 0.009090909)(0.1 0.1 0.1 0.1 0.1 0.1 0.1 0.1 0.1 0.1)(0.1 0.1 0.1 0.1 0.1 0.1 0.1 0.1 0.1 0.1))((5.205622e-05 5.205622e-05 5.205622e-05 2.863613e-01 2.551275e-01 1.249870e-01 1.718376e-01 1.041645e-01 3.128579e-02 2.608017e-02)(4.420671e-06 1.636090e-02 2.829672e-02 9.991159e-02 1.799257e-01 1.489810e-01 1.361611e-01 1.096371e-01 6.366208e-02 2.170594e-01)(3.020236e-05 3.020236e-05 3.020236e-05 3.929326e-02 4.533374e-02 6.647539e-02 1.268801e-01 1.570825e-01 1.117789e-01 4.530655e-01)(0.0001349528 0.0001349528 0.0001349528 0.0406207827 0.0406207827 0.0271255061 0.1215924426 0.1350877193 0.0541160594 0.5804318489)(0.0004524887 0.0004524887 0.0004524887 0.0457013575 0.0004524887 0.0457013575 0.0004524887 0.1814479638 0.0457013575 0.6791855204)(0.000990099 0.000990099 0.000990099 0.000990099 0.000990099 0.100000000 0.199009901 0.000990099 0.000990099 0.694059406)(0.002439024 0.002439024 0.002439024 0.246341463 0.246341463 0.002439024 0.002439024 0.002439024 0.002439024 0.490243902)(0.002439024 0.002439024 0.002439024 0.002439024 0.002439024 0.002439024 0.246341463 0.002439024 0.002439024 0.734146341)(0.004761905 0.004761905 0.004761905 0.004761905 0.004761905 0.004761905 0.004761905 0.480952381 0.480952381 0.004761905)(0.1 0.1 0.1 0.1 0.1 0.1 0.1 0.1 0.1 0.1))) ;
}
potential ( V933_t | V934_t V933_tpast ) 
{
  data = (((9.892051e-01 1.078815e-02 8.493940e-07 8.493940e-07 8.493940e-07 8.493940e-07 8.493940e-07 8.493940e-07 8.493940e-07 8.493940e-07)(1.254923e-01 8.744979e-01 1.231512e-06 1.231512e-06 1.231512e-06 1.231512e-06 1.231512e-06 1.231512e-06 1.231512e-06 1.231512e-06)(0.5087372831 0.4907839617 0.0000598444 0.0000598444 0.0000598444 0.0000598444 0.0000598444 0.0000598444 0.0000598444 0.0000598444)(6.508708e-01 3.483960e-01 9.165903e-05 9.165903e-05 9.165903e-05 9.165903e-05 9.165903e-05 9.165903e-05 9.165903e-05 9.165903e-05)(5.681685e-01 4.310480e-01 9.794319e-05 9.794319e-05 9.794319e-05 9.794319e-05 9.794319e-05 9.794319e-05 9.794319e-05 9.794319e-05)(0.6384615385 0.3602291326 0.0001636661 0.0001636661 0.0001636661 0.0001636661 0.0001636661 0.0001636661 0.0001636661 0.0001636661)(0.584184915 0.413868613 0.000243309 0.000243309 0.000243309 0.000243309 0.000243309 0.000243309 0.000243309 0.000243309)(0.5341637011 0.4629893238 0.0003558719 0.0003558719 0.0003558719 0.0003558719 0.0003558719 0.0003558719 0.0003558719 0.0003558719)(0.6811518325 0.3146596859 0.0005235602 0.0005235602 0.0005235602 0.0005235602 0.0005235602 0.0005235602 0.0005235602 0.0005235602)(0.6068493151 0.3915851272 0.0001956947 0.0001956947 0.0001956947 0.0001956947 0.0001956947 0.0001956947 0.0001956947 0.0001956947))((4.026089e-01 5.496093e-01 4.768905e-02 1.324328e-05 1.324328e-05 1.324328e-05 1.324328e-05 1.324328e-05 1.324328e-05 1.324328e-05)(6.707149e-03 9.874867e-01 5.804298e-03 2.579573e-07 2.579573e-07 2.579573e-07 2.579573e-07 2.579573e-07 2.579573e-07 2.579573e-07)(2.811414e-03 6.967148e-01 3.004493e-01 3.509880e-06 3.509880e-06 3.509880e-06 3.509880e-06 3.509880e-06 3.509880e-06 3.509880e-06)(7.849065e-03 7.513268e-01 1.590079e-01 8.174896e-02 1.119695e-05 1.119695e-05 1.119695e-05 1.119695e-05 1.119695e-05 1.119695e-05)(7.293726e-03 8.490376e-01 1.394340e-01 4.172303e-03 1.040474e-05 1.040474e-05 1.040474e-05 1.040474e-05 1.040474e-05 1.040474e-05)(0.002213413 0.868858055 0.128851448 0.000011012 0.000011012 0.000011012 0.000011012 0.000011012 0.000011012 0.000011012)(1.422273e-05 8.562224e-01 1.436638e-01 1.422273e-05 1.422273e-05 1.422273e-05 1.422273e-05 1.422273e-05 1.422273e-05 1.422273e-05)(3.680645e-03 8.277055e-01 1.684856e-01 1.831166e-05 1.831166e-05 1.831166e-05 1.831166e-05 1.831166e-05 1.831166e-05 1.831166e-05)(2.294933e-03 7.862077e-01 2.113383e-01 2.272211e-05 2.272211e-05 2.272211e-05 2.272211e-05 2.272211e-05 2.272211e-05 2.272211e-05)(6.430455e-06 7.440100e-01 2.559385e-01 6.430455e-06 6.430455e-06 6.430455e-06 6.430455e-06 6.430455e-06 6.430455e-06 6.430455e-06))((2.644803e-05 2.592171e-01 4.760910e-01 2.063211e-01 5.821211e-02 2.644803e-05 2.644803e-05 2.644803e-05 2.644803e-05 2.644803e-05)(5.851033e-06 2.791001e-01 6.278217e-01 8.484583e-02 8.197297e-03 5.851033e-06 5.851033e-06 5.851033e-06 5.851033e-06 5.851033e-06)(1.535862e-05 1.230226e-02 8.892797e-01 5.069882e-02 4.762709e-02 1.535862e-05 1.535862e-05 1.535862e-05 1.535862e-05 1.535862e-05)(7.336219e-06 7.409581e-04 2.479715e-01 7.050180e-01 4.622552e-02 7.336219e-06 7.336219e-06 7.336219e-06 7.336219e-06 7.336219e-06)(1.900779e-05 2.092758e-02 2.433188e-01 6.234746e-01 1.121650e-01 1.900779e-05 1.900779e-05 1.900779e-05 1.900779e-05 1.900779e-05)(4.606172e-05 4.150161e-02 4.238139e-01 4.422386e-01 9.216951e-02 4.606172e-05 4.606172e-05 4.606172e-05 4.606172e-05 4.606172e-05)(4.828585e-05 4.833414e-02 4.925640e-01 4.008209e-01 5.799131e-02 4.828585e-05 4.828585e-05 4.828585e-05 4.828585e-05 4.828585e-05)(6.325111e-05 5.066414e-02 5.693232e-01 3.542694e-01 2.536369e-02 6.325111e-05 6.325111e-05 6.325111e-05 6.325111e-05 6.325111e-05)(7.993605e-05 8.073541e-03 5.436451e-01 4.397282e-01 8.073541e-03 7.993605e-05 7.993605e-05 7.993605e-05 7.993605e-05 7.993605e-05)(1.310444e-05 5.254881e-03 5.163281e-01 4.010090e-01 7.601887e-02 1.323549e-03 1.310444e-05 1.310444e-05 1.310444e-05 1.310444e-05))((5.461496e-05 5.461496e-05 9.836155e-02 5.898962e-01 2.512835e-01 6.013108e-02 5.461496e-05 5.461496e-05 5.461496e-05 5.461496e-05)(0.0000132961 0.0066613482 0.1529184949 0.6395559101 0.1861587555 0.0146390108 0.0000132961 0.0000132961 0.0000132961 0.0000132961)(6.489293e-05 6.489293e-05 9.091499e-02 8.442570e-02 5.451655e-01 2.726152e-01 6.554186e-03 6.489293e-05 6.489293e-05 6.489293e-05)(3.844675e-05 3.844675e-05 1.157247e-02 3.114571e-01 3.960400e-01 2.576317e-01 2.310650e-02 3.844675e-05 3.844675e-05 3.844675e-05)(3.066544e-05 3.066544e-05 3.097209e-03 3.496167e-01 5.458755e-01 9.509353e-02 6.163753e-03 3.066544e-05 3.066544e-05 3.066544e-05)(8.920607e-05 8.920607e-05 8.920607e-05 1.249777e-01 6.602141e-01 1.963426e-01 1.793042e-02 8.920607e-05 8.920607e-05 8.920607e-05)(0.0002375297 0.0002375297 0.0002375297 0.1427553444 0.5703087886 0.2852731591 0.0002375297 0.0002375297 0.0002375297 0.0002375297)(0.0003215434 0.0003215434 0.0003215434 0.1610932476 0.6112540193 0.2254019293 0.0003215434 0.0003215434 0.0003215434 0.0003215434)(0.0003021148 0.0003021148 0.0003021148 0.2117824773 0.5441087613 0.2419939577 0.0003021148 0.0003021148 0.0003021148 0.0003021148)(9.165903e-05 9.165903e-05 4.592117e-02 1.192484e-01 7.241980e-01 1.100825e-01 9.165903e-05 9.165903e-05 9.165903e-05 9.165903e-05))((7.627765e-05 7.627765e-05 7.627765e-05 3.433257e-01 4.272311e-01 1.526316e-01 7.635393e-02 7.627765e-05 7.627765e-05 7.627765e-05)(0.0000133672 0.0013500869 0.0227376019 0.3382034487 0.4772222965 0.1510626922 0.0093704050 0.0000133672 0.0000133672 0.0000133672)(5.461496e-05 5.461496e-05 1.643910e-02 8.743856e-02 2.185145e-01 4.478973e-01 1.748225e-01 5.466958e-02 5.461496e-05 5.461496e-05)(6.447453e-05 6.447453e-05 6.447453e-05 1.612508e-01 2.192779e-01 3.740168e-01 2.192779e-01 2.585429e-02 6.447453e-05 6.447453e-05)(7.513148e-05 7.513148e-05 7.513148e-05 1.127724e-01 4.809166e-01 2.254696e-01 1.728775e-01 7.588279e-03 7.513148e-05 7.513148e-05)(0.0001135074 0.0001135074 0.0001135074 0.0455164586 0.4654937571 0.3633371169 0.1249716232 0.0001135074 0.0001135074 0.0001135074)(0.0003215434 0.0003215434 0.0003215434 0.0967845659 0.3218649518 0.4183279743 0.1610932476 0.0003215434 0.0003215434 0.0003215434)(0.0003021148 0.0003021148 0.0003021148 0.0607250755 0.1513595166 0.5138972810 0.2722054381 0.0003021148 0.0003021148 0.0003021148)(0.0004149378 0.0004149378 0.0004149378 0.1663900415 0.3738589212 0.2493775934 0.2078838174 0.0004149378 0.0004149378 0.0004149378)(7.627765e-05 7.627765e-05 7.627765e-05 8.398169e-02 4.653699e-01 3.128146e-01 1.373760e-01 7.627765e-05 7.627765e-05 7.627765e-05))((0.0001386963 0.0001386963 0.0001386963 0.1110957004 0.4162274619 0.2914008322 0.0972260749 0.0833564494 0.0001386963 0.0001386963)(1.671961e-05 1.688681e-03 6.704564e-03 1.421334e-01 4.664939e-01 2.926099e-01 6.522321e-02 2.509614e-02 1.671961e-05 1.671961e-05)(5.844535e-05 5.844535e-05 5.844535e-05 4.097019e-02 6.434833e-02 3.448860e-01 3.331970e-01 1.812390e-01 3.512566e-02 5.844535e-05)(9.165903e-05 9.165903e-05 9.165903e-05 9.257562e-03 1.467461e-01 1.834097e-01 4.033914e-01 2.200733e-01 3.675527e-02 9.165903e-05)(0.0001386963 0.0001386963 0.0001386963 0.0140083218 0.2775312067 0.1110957004 0.2497919556 0.3468793343 0.0001386963 0.0001386963)(0.0002217295 0.0002217295 0.0002217295 0.0002217295 0.1776053215 0.2441241685 0.2441241685 0.3328159645 0.0002217295 0.0002217295)(0.0004524887 0.0004524887 0.0004524887 0.0004524887 0.1361990950 0.3624434389 0.2719457014 0.2266968326 0.0004524887 0.0004524887)(0.0006622517 0.0006622517 0.0006622517 0.0006622517 0.1331125828 0.1331125828 0.4642384106 0.1993377483 0.0668874172 0.0006622517)(0.001639344 0.001639344 0.001639344 0.001639344 0.329508197 0.001639344 0.493442623 0.165573770 0.001639344 0.001639344)(0.0001297017 0.0001297017 0.0001297017 0.0520103761 0.1428015564 0.3503242542 0.3114137484 0.1428015564 0.0001297017 0.0001297017))((0.000140647 0.000140647 0.000140647 0.028270042 0.295499297 0.464275668 0.126722925 0.070464135 0.014205345 0.000140647)(1.741857e-05 1.741857e-05 3.501132e-03 2.266156e-02 2.647797e-01 3.814841e-01 2.194914e-01 8.885212e-02 1.917784e-02 1.741857e-05)(5.402485e-05 5.402485e-05 5.402485e-05 4.867639e-02 6.488385e-02 1.675311e-01 4.376553e-01 1.891410e-01 8.109130e-02 1.085900e-02)(0.000131406 0.000131406 0.000131406 0.013272011 0.026412615 0.078975033 0.315505913 0.223521682 0.289224704 0.052693824)(0.0001560062 0.0001560062 0.0001560062 0.0001560062 0.1093603744 0.1093603744 0.0625585023 0.4213728549 0.2809672387 0.0157566303)(0.0004524887 0.0004524887 0.0004524887 0.0004524887 0.0457013575 0.0457013575 0.0909502262 0.4529411765 0.3624434389 0.0004524887)(0.0004975124 0.0004975124 0.0004975124 0.0004975124 0.1000000000 0.1000000000 0.1995024876 0.2990049751 0.2990049751 0.0004975124)(0.0004975124 0.0004975124 0.0004975124 0.0004975124 0.0502487562 0.1000000000 0.1995024876 0.2990049751 0.2492537313 0.1000000000)(0.000990099 0.000990099 0.000990099 0.000990099 0.000990099 0.000990099 0.000990099 0.298019802 0.694059406 0.000990099)(0.0002320186 0.0002320186 0.0002320186 0.0002320186 0.1394431555 0.2786542923 0.1858468677 0.1626450116 0.2322505800 0.0002320186))((0.0001386963 0.0001386963 0.0001386963 0.0001386963 0.1527045770 0.1804438280 0.2914008322 0.1665742025 0.1943134535 0.0140083218)(2.087247e-05 2.087247e-05 4.195366e-03 1.254435e-02 1.586516e-01 2.671885e-01 3.569401e-01 1.315174e-01 5.637654e-02 1.254435e-02)(0.0000698812 0.0000698812 0.0000698812 0.0140461216 0.0419986024 0.0280223620 0.1398322851 0.3983927324 0.2586303284 0.1188679245)(0.0001051525 0.0001051525 0.0001051525 0.0001051525 0.0106203996 0.1157728707 0.0737118822 0.3260778128 0.2314405889 0.2419558360)(0.0002123142 0.0002123142 0.0002123142 0.0002123142 0.0639065817 0.0214437367 0.1063694268 0.0426751592 0.3611464968 0.4036093418)(0.0002932551 0.0002932551 0.0002932551 0.0002932551 0.0882697947 0.0589442815 0.1469208211 0.0296187683 0.4695014663 0.2055718475)(0.0005524862 0.0005524862 0.0005524862 0.0005524862 0.0005524862 0.0005524862 0.0558011050 0.0558011050 0.2767955801 0.6082872928)(0.0009009009 0.0009009009 0.0009009009 0.0009009009 0.0909909910 0.0009009009 0.0909909910 0.1810810811 0.1810810811 0.4513513514)(0.002439024 0.002439024 0.002439024 0.002439024 0.002439024 0.002439024 0.490243902 0.002439024 0.002439024 0.490243902)(0.0003831418 0.0003831418 0.0003831418 0.0003831418 0.0003831418 0.0386973180 0.1153256705 0.1536398467 0.4601532567 0.2302681992))((0.0002320186 0.0002320186 0.0002320186 0.0002320186 0.0698375870 0.1858468677 0.1858468677 0.2554524362 0.1858468677 0.1162412993)(0.0000243843 0.0000243843 0.0097781029 0.0122165326 0.0512314070 0.2121677640 0.2487442087 0.2804437942 0.1243842965 0.0609851256)(7.037298e-05 7.037298e-05 7.037298e-05 7.037298e-05 5.636875e-02 4.933146e-02 1.126671e-01 2.604504e-01 2.393385e-01 2.815623e-01)(0.0001009082 0.0001009082 0.0001009082 0.0001009082 0.0101917255 0.0202825429 0.0909182644 0.0101917255 0.2220988900 0.6459132190)(0.0002169197 0.0002169197 0.0002169197 0.0002169197 0.0219088937 0.0652928416 0.0652928416 0.0219088937 0.1737527115 0.6509761388)(0.0002770083 0.0002770083 0.0002770083 0.0002770083 0.0002770083 0.1941828255 0.1110803324 0.0279778393 0.1941828255 0.4711911357)(0.0004329004 0.0004329004 0.0004329004 0.0004329004 0.0004329004 0.1303030303 0.1303030303 0.2601731602 0.0870129870 0.3900432900)(0.000621118 0.000621118 0.000621118 0.000621118 0.000621118 0.000621118 0.062732919 0.124844720 0.124844720 0.683850932)(0.000990099 0.000990099 0.000990099 0.000990099 0.000990099 0.199009901 0.100000000 0.000990099 0.100000000 0.595049505)(0.0003831418 0.0003831418 0.0003831418 0.0003831418 0.0003831418 0.0003831418 0.0386973180 0.0770114943 0.1919540230 0.6900383142))((8.764242e-05 8.764242e-05 8.764242e-05 8.764242e-05 8.764242e-05 9.649430e-02 1.490798e-01 2.104294e-01 1.666082e-01 3.769500e-01)(6.839477e-06 6.839477e-06 6.907872e-04 4.110526e-03 1.374735e-03 3.078449e-02 5.882635e-02 1.094385e-01 1.443198e-01 6.504411e-01)(1.278609e-05 1.278609e-05 1.278609e-05 1.278609e-05 2.570004e-03 8.963048e-03 2.302775e-02 2.814218e-02 4.859992e-02 8.886460e-01)(2.330459e-05 2.330459e-05 2.330459e-05 2.330459e-05 2.330459e-05 2.353764e-03 1.633652e-02 3.498019e-02 3.264973e-02 9.135633e-01)(5.743825e-05 5.743825e-05 5.743825e-05 5.743825e-05 5.743825e-05 5.743825e-05 5.801264e-03 3.452039e-02 2.303274e-02 9.363010e-01)(9.699321e-05 9.699321e-05 9.699321e-05 9.699321e-05 9.699321e-05 9.796314e-03 9.796314e-03 2.919496e-02 1.949564e-02 9.312318e-01)(0.0001610306 0.0001610306 0.0001610306 0.0001610306 0.0001610306 0.0001610306 0.1128824477 0.0484702093 0.0484702093 0.7892109501)(0.0001751313 0.0001751313 0.0001751313 0.0001751313 0.0001751313 0.0001751313 0.0877408056 0.1928196147 0.0702276708 0.6481611208)(0.0002624672 0.0002624672 0.0002624672 0.0002624672 0.0002624672 0.0265091864 0.0002624672 0.0527559055 0.1577427822 0.7614173228)(8.326395e-05 8.326395e-05 8.326395e-05 8.326395e-05 8.326395e-05 8.409659e-03 8.326395e-05 1.673605e-02 1.673605e-02 9.576187e-01))) ;
}
potential ( V934_t | V934_tpast ) 
{
  data = ((0.807449199 0.135702423 0.024672724 0.010751270 0.006355021 0.003131106 0.003033411 0.002838023 0.001958773 0.004108050)(0.072081774 0.797488476 0.032062757 0.014843831 0.015029870 0.012032577 0.011205738 0.009448705 0.007733014 0.028073258)(0.02953427 0.31224992 0.30782224 0.03248606 0.04298131 0.03592981 0.03888160 0.02986225 0.02887832 0.14137422)(0.05147279 0.34203694 0.18027958 0.13285072 0.04997504 0.02950574 0.02451323 0.03150275 0.02900649 0.12885671)(0.03443908 0.45361882 0.14360676 0.13757539 0.06097708 0.03323281 0.01453559 0.01332931 0.02056695 0.08811821)(0.02365320 0.53796296 0.13813131 0.06069024 0.05732323 0.03038721 0.02365320 0.02281145 0.03038721 0.07500000)(0.01850829 0.59953959 0.13729282 0.04521179 0.03232044 0.02034991 0.02219153 0.02311234 0.02127072 0.08020258)(0.01516129 0.51946237 0.19150538 0.04741935 0.03129032 0.02591398 0.02483871 0.02806452 0.03129032 0.08505376)(0.01772300 0.50363850 0.19964789 0.04589202 0.04002347 0.02828638 0.02007042 0.02124413 0.02593897 0.09753521)(0.01110114 0.44138241 0.27052663 0.05029922 0.05119689 0.03055057 0.02366846 0.01529025 0.01768402 0.08830042)) ;
}
potential ( V953_t | V981_t ) 
{
  data = ((4.302064e-01 5.512956e-01 1.232696e-02 5.227930e-03 8.670960e-04 5.577810e-05 5.070737e-06 5.070737e-06 5.070737e-06 5.070737e-06)(0.003910839 0.859942954 0.079486584 0.018975280 0.011580393 0.008390027 0.006678639 0.004924995 0.003129094 0.002981196)(0.006731004 0.279147325 0.179098461 0.119850965 0.066711459 0.032506719 0.025787931 0.050342047 0.057915954 0.181908136)(0.001372328 0.103059618 0.225219348 0.162452193 0.096085489 0.055590551 0.043892013 0.051541057 0.037142857 0.223644544)(0.003211587 0.044143577 0.170717884 0.204722922 0.107745592 0.074370277 0.047921914 0.033438287 0.035957179 0.277770781)(0.001722724 0.024692371 0.109187859 0.186300246 0.133798195 0.077194422 0.058326497 0.057506153 0.048482363 0.302789171)(0.0001715266 0.0173241852 0.1185248714 0.1716981132 0.1511149228 0.0773584906 0.0584905660 0.0430531732 0.0310463122 0.3312178388)(0.005023923 0.016985646 0.112679426 0.155741627 0.093540670 0.067224880 0.072009569 0.036124402 0.050478469 0.390191388)(0.002657005 0.009903382 0.075120773 0.174154589 0.140338164 0.065458937 0.046135266 0.038888889 0.053381643 0.393961353)(0.005756422 0.010513796 0.016698382 0.055233111 0.092340628 0.067602284 0.071408183 0.049524263 0.115651760 0.515271170)) ;
}
potential ( V967_t | V931_t V934_t ) 
{
  data = (((8.399504e-01 1.600440e-01 6.946326e-07 6.946326e-07 6.946326e-07 6.946326e-07 6.946326e-07 6.946326e-07 6.946326e-07 6.946326e-07)(3.602792e-01 6.180502e-01 2.145604e-02 2.083312e-04 1.036474e-06 1.036474e-06 1.036474e-06 1.036474e-06 1.036474e-06 1.036474e-06)(4.737091e-05 4.737091e-05 5.921838e-01 3.932260e-01 1.425865e-02 4.737091e-05 4.737091e-05 4.737091e-05 4.737091e-05 4.737091e-05)(0.0004975124 0.0004975124 0.0004975124 0.3487562189 0.6472636816 0.0004975124 0.0004975124 0.0004975124 0.0004975124 0.0004975124)(0.004761905 0.004761905 0.004761905 0.004761905 0.957142857 0.004761905 0.004761905 0.004761905 0.004761905 0.004761905)(0.004761905 0.004761905 0.004761905 0.004761905 0.480952381 0.480952381 0.004761905 0.004761905 0.004761905 0.004761905)(0.009090909 0.009090909 0.009090909 0.009090909 0.009090909 0.918181818 0.009090909 0.009090909 0.009090909 0.009090909)(0.1 0.1 0.1 0.1 0.1 0.1 0.1 0.1 0.1 0.1)(0.1 0.1 0.1 0.1 0.1 0.1 0.1 0.1 0.1 0.1)(0.1 0.1 0.1 0.1 0.1 0.1 0.1 0.1 0.1 0.1))((7.902751e-03 9.920841e-01 1.646063e-06 1.646063e-06 1.646063e-06 1.646063e-06 1.646063e-06 1.646063e-06 1.646063e-06 1.646063e-06)(3.041539e-03 9.633172e-01 3.252867e-02 9.258696e-04 1.853855e-04 2.644586e-07 2.644586e-07 2.644586e-07 2.644586e-07 2.644586e-07)(3.040345e-06 2.216442e-01 3.490347e-01 3.988964e-01 2.584598e-02 2.435317e-03 1.523213e-03 6.111094e-04 3.040345e-06 3.040345e-06)(1.312164e-05 1.312164e-05 3.949613e-03 5.288151e-01 4.382758e-01 1.969558e-02 2.637449e-03 2.637449e-03 1.325285e-03 2.637449e-03)(2.556891e-05 2.556891e-05 2.556891e-05 1.611097e-01 7.159550e-01 1.048581e-01 1.025313e-02 2.582460e-03 2.556891e-05 5.139351e-03)(5.344735e-05 5.344735e-05 5.344735e-05 5.344735e-05 5.184928e-01 3.581507e-01 9.625869e-02 1.074292e-02 5.344735e-05 1.608765e-02)(9.606148e-05 9.606148e-05 9.606148e-05 9.606148e-05 2.498559e-01 4.515850e-01 1.634006e-01 1.057637e-01 1.930836e-02 9.702209e-03)(0.000140647 0.000140647 0.000140647 0.000140647 0.042334740 0.379887482 0.253305204 0.225175809 0.084528833 0.014205345)(0.0001468429 0.0001468429 0.0001468429 0.0001468429 0.0001468429 0.1763582966 0.2644640235 0.1323054332 0.2350954479 0.1910425844)(7.293946e-05 7.293946e-05 7.293946e-05 7.293946e-05 7.366885e-03 2.195478e-02 1.532458e-01 9.489424e-02 1.021882e-01 6.200584e-01))((0.1 0.1 0.1 0.1 0.1 0.1 0.1 0.1 0.1 0.1)(0.0000110485 0.9225610430 0.0762457187 0.0011158988 0.0000110485 0.0000110485 0.0000110485 0.0000110485 0.0000110485 0.0000110485)(5.885469e-06 4.961509e-01 4.343535e-01 6.827732e-02 1.182979e-03 5.885469e-06 5.885469e-06 5.885469e-06 5.885469e-06 5.885469e-06)(2.261932e-05 2.261932e-05 2.510970e-01 6.424112e-01 1.063334e-01 2.261932e-05 2.261932e-05 2.261932e-05 2.261932e-05 2.261932e-05)(0.000019996 0.000019996 0.022015597 0.473925215 0.483923215 0.018016397 0.002019596 0.000019996 0.000019996 0.000019996)(3.153579e-05 3.153579e-05 3.153579e-05 9.463892e-02 8.136550e-01 7.887102e-02 1.264585e-02 3.153579e-05 3.153579e-05 3.153579e-05)(3.716091e-05 3.716091e-05 3.716091e-05 1.118543e-02 7.098105e-01 2.230026e-01 4.834634e-02 7.469342e-03 3.716091e-05 3.716091e-05)(5.099439e-05 5.099439e-05 5.099439e-05 5.099439e-05 3.468129e-01 4.691994e-01 1.326364e-01 5.104539e-02 5.099439e-05 5.099439e-05)(6.662225e-05 6.662225e-05 6.662225e-05 6.662225e-05 4.670220e-02 5.330446e-01 2.865423e-01 8.667555e-02 2.671552e-02 2.005330e-02)(2.848191e-05 2.848191e-05 2.848191e-05 2.848191e-05 2.848191e-05 9.971518e-02 2.022501e-01 2.335802e-01 1.281971e-01 3.361151e-01))((0.1 0.1 0.1 0.1 0.1 0.1 0.1 0.1 0.1 0.1)(0.000990099 0.892079208 0.100000000 0.000990099 0.000990099 0.000990099 0.000990099 0.000990099 0.000990099 0.000990099)(1.272103e-05 2.722427e-01 7.085740e-01 1.782216e-02 1.284824e-03 1.272103e-05 1.272103e-05 1.272103e-05 1.272103e-05 1.272103e-05)(2.889338e-05 5.807570e-03 7.136955e-01 2.629587e-01 1.736492e-02 2.889338e-05 2.889338e-05 2.889338e-05 2.889338e-05 2.889338e-05)(3.173596e-05 3.173596e-05 8.254522e-02 7.204380e-01 1.967947e-01 3.173596e-05 3.173596e-05 3.173596e-05 3.173596e-05 3.173596e-05)(4.253509e-05 4.253509e-05 4.253509e-05 4.934496e-01 4.977031e-01 8.549553e-03 4.253509e-05 4.253509e-05 4.253509e-05 4.253509e-05)(3.998401e-05 3.998401e-05 3.998401e-05 1.719712e-01 7.917233e-01 2.802879e-02 8.036785e-03 3.998401e-05 3.998401e-05 3.998401e-05)(4.253509e-05 4.253509e-05 4.253509e-05 2.556359e-02 7.571672e-01 1.871969e-01 2.556359e-02 4.296044e-03 4.253509e-05 4.253509e-05)(5.373455e-05 5.373455e-05 5.373455e-05 5.373455e-05 3.815690e-01 4.567974e-01 1.290167e-01 2.154756e-02 5.427190e-03 5.427190e-03)(1.671961e-05 1.671961e-05 1.671961e-05 1.671961e-05 1.506437e-02 1.755726e-01 2.340913e-01 1.989801e-01 1.254138e-01 2.508109e-01))((0.1 0.1 0.1 0.1 0.1 0.1 0.1 0.1 0.1 0.1)(0.1 0.1 0.1 0.1 0.1 0.1 0.1 0.1 0.1 0.1)(8.920607e-05 8.920607e-05 9.545941e-01 4.469224e-02 8.920607e-05 8.920607e-05 8.920607e-05 8.920607e-05 8.920607e-05 8.920607e-05)(2.824061e-05 2.824061e-05 7.116916e-01 2.880825e-01 2.824061e-05 2.824061e-05 2.824061e-05 2.824061e-05 2.824061e-05 2.824061e-05)(3.447087e-05 3.447087e-05 1.827301e-01 7.928645e-01 2.416408e-02 3.447087e-05 3.447087e-05 3.447087e-05 3.447087e-05 3.447087e-05)(4.079967e-05 4.079967e-05 1.228070e-02 8.853937e-01 1.020400e-01 4.079967e-05 4.079967e-05 4.079967e-05 4.079967e-05 4.079967e-05)(4.130525e-05 4.130525e-05 4.130525e-05 6.485337e-01 3.428748e-01 8.302354e-03 4.130525e-05 4.130525e-05 4.130525e-05 4.130525e-05)(5.878895e-05 5.878895e-05 5.878895e-05 3.116402e-01 6.467372e-01 4.121105e-02 5.878895e-05 5.878895e-05 5.878895e-05 5.878895e-05)(6.093845e-05 6.093845e-05 6.093845e-05 1.224863e-02 8.044485e-01 1.585009e-01 2.443632e-02 6.093845e-05 6.093845e-05 6.093845e-05)(1.890002e-05 1.890002e-05 1.890002e-05 1.890002e-05 1.134190e-01 2.343791e-01 2.003591e-01 1.493290e-01 7.750898e-02 2.249291e-01))((0.1 0.1 0.1 0.1 0.1 0.1 0.1 0.1 0.1 0.1)(0.1 0.1 0.1 0.1 0.1 0.1 0.1 0.1 0.1 0.1)(0.1 0.1 0.1 0.1 0.1 0.1 0.1 0.1 0.1 0.1)(0.0001331558 0.0001331558 0.5194407457 0.4794940080 0.0001331558 0.0001331558 0.0001331558 0.0001331558 0.0001331558 0.0001331558)(0.0000724113 0.0000724113 0.2679942071 0.7241853729 0.0073135409 0.0000724113 0.0000724113 0.0000724113 0.0000724113 0.0000724113)(8.257638e-05 8.257638e-05 2.485549e-02 9.414533e-01 3.311313e-02 8.257638e-05 8.257638e-05 8.257638e-05 8.257638e-05 8.257638e-05)(0.0001097695 0.0001097695 0.0001097695 0.7355653128 0.2635565313 0.0001097695 0.0001097695 0.0001097695 0.0001097695 0.0001097695)(0.000116144 0.000116144 0.000116144 0.336933798 0.662137050 0.000116144 0.000116144 0.000116144 0.000116144 0.000116144)(0.0001029866 0.0001029866 0.0001029866 0.1133882595 0.8033985582 0.0721936148 0.0104016478 0.0001029866 0.0001029866 0.0001029866)(2.864509e-05 2.864509e-05 2.864509e-05 5.757663e-03 2.435119e-01 2.291893e-01 1.518476e-01 1.260670e-01 6.877685e-02 1.747637e-01))((0.1 0.1 0.1 0.1 0.1 0.1 0.1 0.1 0.1 0.1)(0.1 0.1 0.1 0.1 0.1 0.1 0.1 0.1 0.1 0.1)(0.1 0.1 0.1 0.1 0.1 0.1 0.1 0.1 0.1 0.1)(0.003225806 0.003225806 0.648387097 0.325806452 0.003225806 0.003225806 0.003225806 0.003225806 0.003225806 0.003225806)(0.0004739336 0.0004739336 0.0478672986 0.9483412322 0.0004739336 0.0004739336 0.0004739336 0.0004739336 0.0004739336 0.0004739336)(0.0001490313 0.0001490313 0.0001490313 0.9837555887 0.0150521610 0.0001490313 0.0001490313 0.0001490313 0.0001490313 0.0001490313)(0.0001148106 0.0001148106 0.0001148106 0.8497129736 0.1493685419 0.0001148106 0.0001148106 0.0001148106 0.0001148106 0.0001148106)(0.0001097695 0.0001097695 0.0001097695 0.6148188804 0.3843029638 0.0001097695 0.0001097695 0.0001097695 0.0001097695 0.0001097695)(0.0001560062 0.0001560062 0.0001560062 0.0781591264 0.9049921997 0.0157566303 0.0001560062 0.0001560062 0.0001560062 0.0001560062)(3.183699e-05 3.183699e-05 3.183699e-05 3.183699e-05 2.865648e-01 2.451767e-01 1.305635e-01 1.050939e-01 4.460363e-02 1.878701e-01))((0.1 0.1 0.1 0.1 0.1 0.1 0.1 0.1 0.1 0.1)(0.1 0.1 0.1 0.1 0.1 0.1 0.1 0.1 0.1 0.1)(0.1 0.1 0.1 0.1 0.1 0.1 0.1 0.1 0.1 0.1)(0.1 0.1 0.1 0.1 0.1 0.1 0.1 0.1 0.1 0.1)(0.1 0.1 0.1 0.1 0.1 0.1 0.1 0.1 0.1 0.1)(0.0008264463 0.0008264463 0.0008264463 0.9925619835 0.0008264463 0.0008264463 0.0008264463 0.0008264463 0.0008264463 0.0008264463)(0.0002849003 0.0002849003 0.0002849003 0.7410256410 0.2566951567 0.0002849003 0.0002849003 0.0002849003 0.0002849003 0.0002849003)(0.0001560062 0.0001560062 0.0001560062 0.5461778471 0.4525741030 0.0001560062 0.0001560062 0.0001560062 0.0001560062 0.0001560062)(0.0001447178 0.0001447178 0.0001447178 0.1159189580 0.8684515195 0.0146164978 0.0001447178 0.0001447178 0.0001447178 0.0001447178)(4.462294e-05 4.462294e-05 4.462294e-05 4.462294e-05 3.704150e-01 2.276216e-01 1.249888e-01 8.036591e-02 4.466756e-02 1.517626e-01))((0.1 0.1 0.1 0.1 0.1 0.1 0.1 0.1 0.1 0.1)(0.1 0.1 0.1 0.1 0.1 0.1 0.1 0.1 0.1 0.1)(0.1 0.1 0.1 0.1 0.1 0.1 0.1 0.1 0.1 0.1)(0.1 0.1 0.1 0.1 0.1 0.1 0.1 0.1 0.1 0.1)(0.1 0.1 0.1 0.1 0.1 0.1 0.1 0.1 0.1 0.1)(0.1 0.1 0.1 0.1 0.1 0.1 0.1 0.1 0.1 0.1)(0.001960784 0.001960784 0.001960784 0.786274510 0.198039216 0.001960784 0.001960784 0.001960784 0.001960784 0.001960784)(0.0008264463 0.0008264463 0.0008264463 0.3314049587 0.6619834711 0.0008264463 0.0008264463 0.0008264463 0.0008264463 0.0008264463)(0.0003436426 0.0003436426 0.0003436426 0.0690721649 0.8594501718 0.0690721649 0.0003436426 0.0003436426 0.0003436426 0.0003436426)(6.618134e-05 6.618134e-05 6.618134e-05 6.618134e-05 2.449371e-01 2.383190e-01 1.258107e-01 9.933819e-02 7.286565e-02 2.184646e-01))((0.1 0.1 0.1 0.1 0.1 0.1 0.1 0.1 0.1 0.1)(0.1 0.1 0.1 0.1 0.1 0.1 0.1 0.1 0.1 0.1)(0.1 0.1 0.1 0.1 0.1 0.1 0.1 0.1 0.1 0.1)(0.1 0.1 0.1 0.1 0.1 0.1 0.1 0.1 0.1 0.1)(0.1 0.1 0.1 0.1 0.1 0.1 0.1 0.1 0.1 0.1)(0.009090909 0.009090909 0.009090909 0.918181818 0.009090909 0.009090909 0.009090909 0.009090909 0.009090909 0.009090909)(0.009090909 0.009090909 0.009090909 0.009090909 0.918181818 0.009090909 0.009090909 0.009090909 0.009090909 0.009090909)(0.002439024 0.002439024 0.002439024 0.002439024 0.978048780 0.002439024 0.002439024 0.002439024 0.002439024 0.002439024)(0.0004149378 0.0004149378 0.0004149378 0.0004149378 0.9132780083 0.0834024896 0.0004149378 0.0004149378 0.0004149378 0.0004149378)(1.453277e-05 1.453277e-05 1.453277e-05 1.453277e-05 4.215957e-02 1.453422e-01 1.279029e-01 9.157099e-02 4.506612e-02 5.479000e-01))) ;
}
potential ( V981_t | V983_t V985_t ) 
{
